0 0.556250 0.596875 0.087500 0.109375
0 0.307812 0.553906 0.081250 0.076563
0 0.249219 0.537500 0.098437 0.087500
0 0.911719 0.556250 0.154688 0.081250
0 0.762500 0.535937 0.071875 0.059375
0 0.665625 0.471875 0.065625 0.050000
0 0.618750 0.489063 0.068750 0.068750
0 0.537500 0.498437 0.062500 0.062500
0 0.262500 0.430469 0.053125 0.051562
0 0.453125 0.389062 0.025000 0.028125
0 0.500000 0.421875 0.025000 0.031250
0 0.549219 0.417187 0.029687 0.031250
0 0.610938 0.418750 0.046875 0.021875
0 0.664844 0.402344 0.029687 0.035937
0 0.806250 0.450781 0.053125 0.026562
0 0.932813 0.436719 0.071875 0.023438
0 0.769531 0.372656 0.045312 0.042188
0 0.805469 0.484375 0.057813 0.037500
