0 0.588281 0.648438 0.107813 0.146875
0 0.276562 0.603125 0.093750 0.125000
0 0.218750 0.587500 0.109375 0.112500
0 0.537500 0.520312 0.065625 0.062500
0 0.635938 0.507812 0.062500 0.050000
0 0.800000 0.553125 0.106250 0.075000
0 0.856250 0.514062 0.056250 0.043750
0 0.679688 0.490625 0.068750 0.043750
0 0.246875 0.441406 0.059375 0.020313
0 0.503906 0.439063 0.029687 0.031250
0 0.454688 0.396875 0.028125 0.018750
0 0.560156 0.421094 0.035937 0.017188
0 0.633594 0.425000 0.039062 0.025000
0 0.955469 0.585938 0.089063 0.068750
0 0.853906 0.470313 0.107813 0.043750
0 0.692969 0.414062 0.054688 0.028125
0 0.917969 0.464844 0.045312 0.026562
0 0.957031 0.452344 0.085938 0.042188
