0 0.554688 0.546875 0.084375 0.081250
0 0.245312 0.659375 0.121875 0.137500
0 0.162500 0.642188 0.156250 0.150000
0 0.668750 0.535156 0.059375 0.045312
0 0.704688 0.509375 0.071875 0.053125
0 0.904687 0.537500 0.128125 0.059375
0 0.892188 0.482812 0.087500 0.053125
0 0.881250 0.606250 0.153125 0.093750
0 0.606250 0.689844 0.112500 0.092188
0 0.218750 0.450000 0.056250 0.034375
0 0.507812 0.447656 0.034375 0.035937
0 0.573438 0.439844 0.040625 0.035937
0 0.454688 0.405469 0.043750 0.023438
0 0.643750 0.435156 0.050000 0.039062
0 0.707031 0.421094 0.045312 0.023438
0 0.947656 0.471875 0.082812 0.034375
