0 0.6046875 0.62109375 0.103125 0.1140625
0 0.721875 0.5796875 0.10625 0.103125
0 0.76796875 0.54453125 0.1265625 0.0859375
0 0.95546875 0.66171875 0.0859375 0.0890625
0 0.225 0.709375 0.1 0.075
0 0.1375 0.6921875 0.10625 0.10625
0 0.20078125 0.46796875 0.0671875 0.0703125
0 0.51171875 0.475 0.06640625 0.04765625
0 0.5890625 0.44375 0.06484375 0.0375
0 0.46171875 0.41484375 0.04921875 0.0390625
0 0.71640625 0.40703125 0.0578125 0.0296875
0 0.66875 0.446875 0.065625 0.03046875
0 0.74609375 0.43671875 0.0609375 0.0234375
0 0.96015625 0.5046875 0.0796875 0.05390625
0 0.95703125 0.57890625 0.0859375 0.0390625