0 0.906250 0.560937 0.121875 0.062500
0 0.770312 0.532813 0.071875 0.050000
0 0.803125 0.489063 0.056250 0.034375
0 0.559375 0.603125 0.068750 0.131250
0 0.517188 0.496875 0.050000 0.053125
0 0.243750 0.535937 0.093750 0.068750
0 0.318750 0.545312 0.062500 0.068750
0 0.265625 0.417187 0.043750 0.040625
0 0.809375 0.451562 0.040625 0.034375
0 0.935937 0.434375 0.053125 0.021875
0 0.639062 0.460938 0.046875 0.028125
0 0.453125 0.378125 0.021875 0.018750
0 0.496094 0.414844 0.032813 0.023438
0 0.864844 0.441406 0.051562 0.042188
0 0.605469 0.480469 0.054688 0.048438
