0 0.214062 0.589063 0.112500 0.103125
0 0.279687 0.601562 0.087500 0.103125
0 0.245312 0.435937 0.059375 0.034375
0 0.597656 0.667188 0.129688 0.171875
0 0.535156 0.520312 0.073438 0.075000
0 0.621875 0.498437 0.062500 0.053125
0 0.664062 0.479687 0.059375 0.053125
0 0.800000 0.564063 0.109375 0.078125
0 0.854688 0.519531 0.084375 0.045312
0 0.853125 0.471875 0.056250 0.028125
0 0.450781 0.385156 0.045312 0.020313
0 0.499219 0.428906 0.035937 0.029687
0 0.560156 0.414844 0.045312 0.029687
0 0.627344 0.413281 0.042188 0.032813
0 0.903125 0.448437 0.065625 0.056250
0 0.952344 0.442188 0.092188 0.031250
0 0.680469 0.401562 0.051562 0.034375
0 0.691406 0.378906 0.042188 0.017188
