0 0.239063 0.440625 0.065625 0.034375
0 0.190625 0.626563 0.134375 0.134375
0 0.255469 0.642188 0.126562 0.134375
0 0.590625 0.690625 0.125000 0.134375
0 0.553125 0.539062 0.093750 0.065625
0 0.639062 0.519531 0.068750 0.057813
0 0.684375 0.495312 0.071875 0.046875
0 0.839844 0.590625 0.107813 0.081250
0 0.871875 0.534375 0.109375 0.062500
0 0.867188 0.475000 0.084375 0.043750
0 0.449219 0.391406 0.032813 0.026562
0 0.503125 0.439063 0.034375 0.037500
0 0.564063 0.423438 0.034375 0.025000
0 0.639062 0.421875 0.053125 0.021875
0 0.696094 0.407031 0.026562 0.026562
0 0.924219 0.461719 0.082812 0.048438
0 0.792188 0.371875 0.031250 0.021875
