0 0.135937 0.689063 0.153125 0.143750
0 0.223438 0.698438 0.146875 0.125000
0 0.209375 0.460938 0.056250 0.034375
0 0.579688 0.585938 0.106250 0.096875
0 0.687500 0.556250 0.100000 0.068750
0 0.726562 0.525000 0.109375 0.062500
0 0.925000 0.651563 0.146875 0.115625
0 0.939063 0.570312 0.115625 0.075000
0 0.928125 0.501563 0.103125 0.050000
0 0.517188 0.451562 0.034375 0.031250
0 0.720313 0.415625 0.034375 0.025000
0 0.450000 0.398438 0.031250 0.021875
0 0.576562 0.435156 0.053125 0.035937
0 0.659375 0.433594 0.046875 0.035937
0 0.714844 0.386719 0.035937 0.017188
0 0.804688 0.372656 0.037500 0.017188
