0 0.203125 0.468750 0.068750 0.043750
0 0.137500 0.710938 0.112500 0.096875
0 0.228125 0.732812 0.065625 0.059375
0 0.603906 0.642188 0.107813 0.146875
0 0.717187 0.585938 0.115625 0.121875
0 0.765625 0.554688 0.118750 0.103125
0 0.951562 0.687500 0.093750 0.112500
0 0.521875 0.462500 0.053125 0.043750
0 0.454688 0.404687 0.034375 0.021875
0 0.725000 0.393750 0.031250 0.031250
0 0.670312 0.439063 0.040625 0.034375
0 0.960938 0.517188 0.078125 0.056250
0 0.819531 0.376563 0.048438 0.015625
0 0.584375 0.441406 0.062500 0.035937
0 0.744531 0.426563 0.048438 0.028125
0 0.328906 0.328125 0.029687 0.012500
